0 1
0 1
0 1
0 1
0 1
0 1
0 100
0 2
0 37
0 85
10 1
10 1
10 2
10 2
10 2
10 230
10 234
10 35
10 81
10 96
1 1
1 1
1 1
11 1
11 1
11 1
11 2
11 2
11 2
11 2
1 139
11 42
11 67
11 71
1 191
1 2
1 2
12 1
12 1
12 1
12 109
12 175
12 2
12 2
12 262
1 229
12 46
12 97
1 43
1 87
2 1
2 1
2 1
2 114
2 2
2 21
2 58
2 60
2 77
2 83
3 1
3 1
3 1
3 1
3 2
3 2
3 2
3 202
3 67
3 94
4 1
4 1
4 1
4 115
4 119
4 145
4 61
4 63
4 88
4 97
5 1
5 1
5 1
5 186
5 2
5 2
5 25
5 55
5 58
5 72
6 1
6 1
6 1
6 105
6 192
6 2
6 2
6 2
6 24
6 74
7 1
7 1
7 1
7 109
7 157
7 43
7 50
7 72
7 73
7 75
8 1
8 1
8 116
8 180
8 2
8 2
8 237
8 35
8 40
8 52
9 1
9 1
9 1
9 1
9 106
9 107
9 2
9 2
9 2
9 61
