0 1
0 1
0 10
0 145
0 188
0 2
0 2
0 2
0 294
0 9
10 1
10 1
10 1
10 1
10 160
10 2
10 2
10 222
10 24
10 288
1 1
1 1
1 1
1 1
1 103
11 1
11 1
11 1
11 1
11 2
11 208
11 260
1 131
11 45
11 55
11 85
1 2
1 2
1 2
12 1
12 1
12 1
12 149
12 2
12 2
12 2
12 261
12 283
1 235
12 84
13 1
13 1
13 1
13 1
13 1
13 177
13 2
13 2
13 40
13 88
14 1
14 1
14 1
14 18
14 2
14 228
14 283
14 283
14 34
14 98
2 1
2 1
2 1
2 1
2 147
2 172
2 2
2 2
2 2
2 235
3 1
3 1
3 1
3 125
3 161
3 179
3 2
3 2
3 206
3 98
4 1
4 1
4 113
4 114
4 14
4 2
4 2
4 216
4 243
4 50
5 1
5 1
5 1
5 102
5 151
5 176
5 199
5 2
5 2
5 264
6 1
6 1
6 1
6 1
6 135
6 2
6 2
6 2
6 2
6 263
7 1
7 1
7 1
7 120
7 139
7 154
7 2
7 2
7 2
7 60
8 1
8 1
8 1
8 1
8 158
8 173
8 190
8 190
8 2
8 2
9 1
9 1
9 1
9 1
9 1
9 104
9 143
9 154
9 2
9 33
