0 1
0 1
0 184
0 2
0 2
0 22
0 263
0 61
0 88
0 94
10 1
10 1
10 120
10 130
10 136
10 2
10 2
10 43
10 57
10 72
1 1
1 106
1 2
1 2
1 2
1 2
1 2
1 22
1 62
1 70
2 1
2 1
2 124
2 14
2 141
2 165
2 2
2 2
2 231
2 72
3 1
3 1
3 107
3 146
3 175
3 2
3 24
3 51
3 63
3 78
4 1
4 1
4 1
4 1
4 100
4 167
4 2
4 2
4 217
4 53
5 1
5 1
5 147
5 15
5 2
5 2
5 201
5 250
5 72
5 93
6 1
6 1
6 176
6 2
6 2
6 2
6 30
6 33
6 49
6 75
7 1
7 1
7 1
7 1
7 108
7 109
7 142
7 186
7 19
7 64
8 1
8 1
8 115
8 116
8 142
8 167
8 2
8 2
8 2
8 78
9 1
9 1
9 1
9 102
9 165
9 2
9 36
9 52
9 77
9 97
