0 1
0 1
0 1
0 125
0 2
0 2
0 2
0 242
0 25
0 70
10 1
10 1
10 1
10 1
10 103
10 222
10 45
10 68
10 95
10 98
1 1
1 1
11 1
1 115
11 2
11 2
11 2
11 2
11 2
11 202
11 32
11 8
11 80
1 2
1 2
1 21
1 22
1 323
1 46
1 79
2 1
2 1
2 133
2 154
2 2
2 2
2 202
2 32
2 8
2 81
3 1
3 1
3 129
3 156
3 17
3 21
3 227
3 33
3 48
3 87
4 1
4 1
4 1
4 1
4 131
4 163
4 2
4 28
4 36
4 75
5 115
5 2
5 2
5 2
5 2
5 2
5 202
5 218
5 25
5 4
6 1
6 1
6 1
6 110
6 12
6 161
6 2
6 2
6 230
6 85
7 1
7 1
7 113
7 117
7 188
7 2
7 238
7 24
7 24
7 96
8 1
8 1
8 1
8 1
8 184
8 2
8 2
8 2
8 85
8 86
9 1
9 1
9 110
9 184
9 2
9 2
9 22
9 238
9 55
9 66
