0 1
0 1
0 108
0 159
0 2
0 2
0 2
0 2
0 2
0 237
10 1
10 1
10 103
10 156
10 195
10 2
10 2
10 2
10 74
10 92
1 1
1 1
1 1
11 1
11 1
11 1
11 177
11 2
11 2
11 2
11 2
11 235
1 140
11 41
1 151
1 156
1 2
1 2
12 1
12 1
12 158
12 2
12 2
12 2
12 201
1 224
12 44
12 65
12 69
13 1
13 1
13 1
13 15
13 164
13 2
13 240
13 253
13 280
13 77
1 68
2 1
2 1
2 1
2 1
2 1
2 158
2 2
2 2
2 2
2 95
3 1
3 1
3 112
3 185
3 2
3 2
3 2
3 245
3 300
3 73
4 1
4 1
4 1
4 2
4 238
4 54
4 68
4 72
4 87
4 90
5 1
5 123
5 172
5 2
5 2
5 226
5 300
5 42
5 8
5 83
6 1
6 1
6 1
6 106
6 18
6 190
6 2
6 242
6 51
6 63
7 1
7 1
7 1
7 111
7 118
7 2
7 211
7 290
7 43
7 82
8 1
8 1
8 1
8 110
8 178
8 2
8 2
8 2
8 245
8 49
9 1
9 1
9 1
9 195
9 2
9 2
9 242
9 264
9 42
9 58
