0 1
0 1
0 1
0 1
0 108
0 2
0 2
0 3
0 34
0 5
10 10
10 139
10 157
10 16
10 2
10 2
10 3
10 48
10 56
10 76
1 1
1 1
1 1
1 1
1 1
11 1
11 1
11 1
11 1
11 11
11 2
11 2
11 2
11 2
11 31
1 1528
1 2
1 2
12 1
12 1
12 1
12 1
12 1
12 1
12 1040
12 2
12 2
12 78
13 1
13 1
13 1
13 1
13 131
13 2
13 2
13 2
13 2
13 42
14 1
14 1
14 1
14 1
14 1
14 2
14 2
14 41
1 45
1 46
14 634
14 81
2 1
2 1
2 1
2 1
2 186
2 2
2 2
2 23
2 4
2 63
3 1
3 1
3 1
3 1
3 1
3 2
3 32
3 332
3 73
3 799
4 1
4 1
4 1
4 1
4 171
4 2
4 2
4 2
4 5
4 71
5 1
5 1
5 1
5 1
5 1045
5 16
5 2
5 2
5 2
5 34
6 1
6 1
6 1
6 1
6 1
6 1
6 1
6 116
6 2
6 55
7 1
7 1
7 1
7 115
7 2
7 2
7 2
7 59
7 688
7 74
8 1
8 17
8 2
8 2
8 2
8 46
8 474
8 56
8 6
8 82
9 1
9 1
9 154
9 186
9 2
9 2
9 204
9 4
9 5
9 5
