0 1
0 1310
0 2
0 2
0 2
0 2
0 2
0 2
0 2
0 91
10 1
10 1
10 192
10 2
10 2
10 2
10 28
10 3
10 372
10 9
1 1
1 1
1 1
1 1
1 1
11 1
11 1
11 1
11 2
11 2
11 2
11 2
11 2
11 283
1 1352
11 542
1 2
1 20
1 349
1 76
2 1
2 1
2 1
2 1
2 13
2 2
2 23
2 368
2 42
2 45
3 1
3 14
3 2
3 2
3 2
3 2
3 235
3 47
3 56
3 88
4 1
4 1
4 1
4 2
4 2
4 2
4 26
4 629
4 7
4 84
5 1
5 1
5 1
5 1
5 2
5 2
5 2
5 2
5 24
5 5
6 1
6 1
6 1
6 1
6 2
6 2
6 43
6 443
6 7
6 90
7 1
7 1
7 1
7 1
7 1169
7 128
7 155
7 2
7 2
7 27
8 1
8 1
8 1
8 1
8 182
8 2
8 33
8 399
8 67
8 69
9 1
9 1
9 1
9 110
9 236
9 34
9 437
9 56
9 74
9 87
