0 1
0 1
0 1
0 1
0 1071
0 116
0 2
0 22
0 47
0 79
10 1
10 1
10 185
10 2
10 2
10 2
10 2
10 3
10 399
10 75
1 1
1 1
1 1
1 1
11 1
11 1
11 1
11 1023
11 127
11 2
11 2
11 2
11 2
11 212
1 2
1 2
1 2
1 2
1 2
12 1
12 1
12 1
12 142
12 194
12 2
12 201
12 42
12 54
12 82
13 1
13 1
13 1
13 109
13 2
13 2
13 2
13 2
13 70
13 718
1 994
2 1
2 1
2 1186
2 178
2 2
2 2
2 2
2 24
2 244
2 42
3 1
3 1
3 1
3 18
3 2
3 2
3 32
3 4
3 416
3 98
4 1
4 1
4 130
4 148
4 17
4 19
4 22
4 3
4 320
4 78
5 1
5 1
5 1
5 1
5 14
5 145
5 2
5 239
5 46
5 74
6 1
6 1
6 1
6 1
6 11
6 131
6 270
6 301
6 58
6 87
7 1
7 1
7 2
7 2
7 2
7 2
7 22
7 23
7 63
7 78
8 1
8 1
8 1
8 163
8 2
8 254
8 37
8 43
8 68
8 79
9 1
9 1
9 1063
9 2
9 2
9 2
9 2
9 27
9 44
9 70
