0 1
0 1
0 1
0 1
0 1
0 1
0 1
0 1
0 2
0 38
10 1
10 1
10 2
10 2
10 2
10 2
10 2
10 307
10 523
10 77
1 1
1 1
1 1
1 1
1 1
11 1
11 1
11 1
11 1
11 1
11 1
11 1
11 2
1 1536
11 82
11 95
1 2
1 2
1 2
1 2
12 1
12 1
12 1
12 135
12 2
12 2
12 2
12 2
12 458
12 596
2 1
2 1
2 1
2 1
2 100
2 19
2 2
2 25
2 30
2 40
3 1
3 2
3 2
3 2
3 2
3 2
3 243
3 32
3 43
3 68
4 1
4 1
4 1
4 1
4 1
4 199
4 2
4 506
4 58
4 98
5 1
5 1
5 1
5 1
5 2
5 2
5 28
5 41
5 56
5 58
6 1
6 1
6 2
6 2
6 2
6 2
6 2
6 226
6 86
6 999
7 1
7 1
7 1
7 1
7 1
7 1
7 2
7 2
7 39
7 90
8 1
8 1
8 1
8 1
8 161
8 2
8 2
8 2
8 2
8 819
9 1
9 1
9 1
9 1
9 2
9 2
9 2
9 20
9 25
9 4
