0 138
0 155
0 22
0 3
0 3
0 3
0 3
0 36
0 705
0 81
10 2
10 26
10 3
10 3
10 3
10 3
10 3
10 35
10 4
10 763
11 2
11 3
11 3
11 4
11 4
11 58
11 7
11 7
11 8
11 9
12 18
12 2
12 3
12 3
12 3
12 3
12 31
12 38
12 499
12 66
1 285
1 3
1 3
1 3
13 103
13 188
13 2
13 3
13 3
13 3
13 3
13 3
13 312
13 416
14 103
14 13
14 2
14 2
14 29
14 3
14 3
14 3
14 65
1 477
14 84
1 49
1 64
1 70
1 80
1 94
2 16
2 195
2 3
2 3
2 3
2 3
2 3
2 3
2 77
2 90
3 125
3 3
3 3
3 3
3 3
3 3
3 3
3 399
3 4
3 40
4 1681
4 2
4 3
4 3
4 3
4 3
4 3
4 3
4 3
4 3
5 121
5 172
5 189
5 245
5 3
5 3
5 3
5 3
5 34
5 83
6 110
6 14
6 14
6 26
6 3
6 3
6 3
6 39
6 52
6 64
7 108
7 127
7 145
7 25
7 3
7 3
7 3
7 3
7 342
7 9
8 1191
8 196
8 3
8 3
8 3
8 3
8 3
8 306
8 4
8 40
9 16
9 2
9 3
9 3
9 3
9 3
9 3
9 3
9 81
9 98
