0 1115
0 17
0 221
0 23
0 3
0 3
0 3
0 3
0 37
0 46
10 11
10 112
10 188
10 27
10 3
10 3
10 3
10 3
10 4
10 847
1 105
11 11
11 1195
11 155
11 183
11 3
11 3
11 3
1 14
11 50
11 75
11 94
1 2
1 2
12 107
1 216
12 189
12 3
12 3
12 3
12 3
12 3
12 3
12 4
12 73
1 3
1 5
1 53
1 67
1 980
2 112
2 23
2 277
2 3
2 3
2 3
2 3
2 3
2 39
2 4
3 2
3 3
3 3
3 3
3 3
3 3
3 4
3 4
3 46
3 73
4 24
4 3
4 3
4 3
4 3
4 3
4 3
4 3
4 4
4 954
5 1165
5 16
5 161
5 3
5 3
5 3
5 3
5 4
5 52
5 6
6 21
6 28
6 288
6 3
6 3
6 3
6 4
6 420
6 48
6 86
7 1197
7 12
7 140
7 3
7 3
7 3
7 36
7 37
7 4
7 4
8 174
8 3
8 3
8 3
8 3
8 30
8 4
8 60
8 64
8 8
9 109
9 21
9 23
9 24
9 3
9 3
9 3
9 3
9 4
9 8
