0 148
0 293
0 3
0 3
0 4
0 40
0 48
0 79
0 91
0 93
10 1983
10 2
10 3
10 3
10 3
10 3
10 3
10 3
10 3
10 4
11 2
1 13
11 3
11 3
11 3
11 3
11 3
11 3
11 326
11 45
1 151
11 83
1 20
1 227
12 284
12 3
12 3
12 3
12 3
1 238
12 429
12 5
12 51
12 51
12 94
1 3
13 2
13 204
13 3
13 3
13 3
13 3
13 36
13 4
13 43
13 96
1 41
1 50
1 68
1 90
2 10
2 100
2 135
2 19
2 27
2 3
2 3
2 3
2 301
2 84
3 141
3 16
3 3
3 3
3 3
3 37
3 50
3 52
3 54
3 76
4 106
4 115
4 169
4 217
4 3
4 3
4 3
4 3
4 3
4 87
5 134
5 19
5 22
5 3
5 4
5 42
5 42
5 518
5 8
5 81
6 2
6 208
6 299
6 3
6 3
6 3
6 3
6 41
6 49
6 90
7 103
7 16
7 2
7 22
7 295
7 50
7 66
7 75
7 8
7 9
8 2
8 2
8 21
8 3
8 3
8 3
8 48
8 52
8 53
8 57
9 3
9 3
9 3
9 3
9 3
9 4
9 68
9 77
9 914
9 98
