0 117
0 3
0 3
0 3
0 30
0 339
0 346
0 4
0 75
0 96
10 147
10 2
10 2
10 280
10 3
10 3
10 3
10 60
10 69
10 756
1 140
1 248
1 3
1 3
1 3
1 3
1 4
1 6
1 74
1 98
2 115
2 168
2 22
2 25
2 28
2 3
2 3
2 3
2 326
2 55
3 117
3 2
3 2
3 28
3 28
3 3
3 3
3 3
3 4
3 957
4 11
4 2
4 2
4 21
4 3
4 3
4 3
4 35
4 50
4 91
5 2
5 201
5 219
5 3
5 3
5 36
5 67
5 7
5 73
5 91
6 117
6 17
6 281
6 3
6 3
6 37
6 55
6 94
6 96
6 98
7 18
7 2
7 3
7 3
7 3
7 3
7 3
7 4
7 67
7 76
8 222
8 23
8 3
8 3
8 3
8 3
8 3
8 3
8 4
8 515
9 1295
9 152
9 3
9 3
9 3
9 3
9 3
9 357
9 4
9 63
