0 12
0 182
0 3
0 3
0 3
0 31
0 4
0 51
0 70
0 83
10 103
10 1225
10 3
10 3
10 3
10 3
10 3
10 3
10 4
10 42
1 109
11 117
11 141
11 2
11 3
11 3
11 4
11 4
11 46
11 5
11 74
1 284
1 3
1 3
1 3
1 4
1 4
1 549
1 59
1 7
2 186
2 269
2 3
2 3
2 3
2 3
2 4
2 50
2 9
2 94
3 100
3 3
3 3
3 3
3 3
3 3
3 3
3 4
3 55
3 61
4 1384
4 2
4 3
4 3
4 3
4 3
4 3
4 3
4 3
4 83
5 135
5 17
5 2
5 214
5 3
5 3
5 3
5 4
5 45
5 5
6 10
6 111
6 12
6 144
6 2
6 3
6 3
6 3
6 36
6 59
7 1182
7 134
7 3
7 3
7 3
7 3
7 3
7 3
7 4
7 4
8 3
8 3
8 3
8 35
8 4
8 4
8 60
8 70
8 81
8 91
9 12
9 13
9 23
9 231
9 3
9 3
9 45
9 64
9 69
9 75
